(base) xxx@xxx-MBP-4 code % python newton_raphson_iterate.py 
Iteration 0: 
joint vector: 
[-3.69801477  0.920152   -1.48894137  3.66712619  0.04121832 -4.68030844]
SE(3) end-effector config: 
[[-0.00881436  0.87012915 -0.49274493 -0.59353356]
 [ 0.00703883 -0.49269788 -0.87017197  0.14431515]
 [-0.99993638 -0.01113836 -0.00178187  0.05673128]
 [ 0.          0.          0.          1.        ]]
error twist V_b: 
[-0.51522687 -0.0046118   0.01043204 -0.04385965  0.10263608  0.0191542 ]
angular error magnitude ||omega_b||: 0.515353
linear error magnitude ||v_b||: 0.113246


Iteration 1: 
joint vector: 
[-3.66938479  1.07579208 -1.88938341  4.3948203   0.52742897 -5.1523074 ]
SE(3) end-effector config: 
[[-0.0629495   0.99714466 -0.04171201 -0.50028485]
 [-0.21140912 -0.05416933 -0.97589542  0.08345728]
 [-0.97536842 -0.05261383  0.2142154   0.10343535]
 [ 0.          0.          0.          1.        ]]
error twist V_b: 
[-0.0483572   0.21466124  0.05828369  0.00164098 -0.00003539 -0.01685203]
angular error magnitude ||omega_b||: 0.227629
linear error magnitude ||v_b||: 0.016932


Iteration 2: 
joint vector: 
[-3.70097529  1.00614734 -1.74515611  3.87035038  0.5083515  -4.69850709]
SE(3) end-effector config: 
[[ 0.00517522  0.99868368 -0.05103067 -0.49954349]
 [ 0.00473149 -0.05105523 -0.99868462  0.09964609]
 [-0.99997541  0.00492696 -0.00498948  0.08858965]
 [ 0.          0.          0.          1.        ]]
error twist V_b: 
[-0.05106556 -0.00486264 -0.00505333 -0.01141061 -0.00043685 -0.00037017]
angular error magnitude ||omega_b||: 0.051545
linear error magnitude ||v_b||: 0.011425


Iteration 3: 
joint vector: 
[-3.69709764  0.98215214 -1.74022088  3.90078466  0.55546719 -4.71347708]
SE(3) end-effector config: 
[[-0.00013373  0.99999999 -0.00003808 -0.49992343]
 [-0.00059234 -0.00003816 -0.99999982  0.10001267]
 [-0.99999982 -0.0001337   0.00059235  0.10008642]
 [ 0.          0.          0.          1.        ]]
error twist V_b: 
[-0.00003812  0.00059235  0.00013371  0.00008643 -0.00007656  0.00001265]
angular error magnitude ||omega_b||: 0.000608
linear error magnitude ||v_b||: 0.000116


Iteration 4: 
joint vector: 
[-3.69699626  0.98190453 -1.73963465  3.89932288  0.55540329 -4.71238912]
SE(3) end-effector config: 
[[-0.00000005  1.         -0.00000032 -0.50000001]
 [-0.00000006 -0.00000032 -1.          0.09999997]
 [-1.         -0.00000005  0.00000006  0.09999995]
 [ 0.          0.          0.          1.        ]]
error twist V_b: 
[-0.00000032  0.00000006  0.00000005 -0.00000005  0.00000001 -0.00000003]
angular error magnitude ||omega_b||: 0.000000
linear error magnitude ||v_b||: 0.000000